Matrix
0.0 1.0 2.449489742783178 1.7320508075688772 2.0 2.23606797749979 1.4142135623730951 2.6457513110645907 2.8284271247461903 
0.582310562561766 1.2516653826391966 2.653948469674844 1.9504493814764854 2.2120577856662136 2.4437634001804143 1.6430919862656235 2.847685567799177 3.0283211855912904 
16.190861620062105 20.13017635292846 276.08879730985103 60.43396396067364 106.01614971314511 175.95210712009106 33.53899223292197 412.34871650097324 590.6891432894295 
29.744512098872967 34.511099663731386 307.9266406142866 80.21755418859392 129.52689296049684 203.52330579076198 50.154321847673316 448.5867318590687 631.4176557556812 
45.7946721791957 51.264724713978524 340.90214431710456 101.78522486097873 154.55701860478547 232.40084337196367 68.8595091472485 485.8281918538692 673.041478662348 
64.0 70.09279563550022 374.9773326482549 125.0 181.01933598375618 262.5280937347468 89.44271909999159 524.0467536394058 715.5417527999327 
84.13018483279353 90.78770841914671 410.1177977118282 149.7523555741278 208.8401493966139 293.85521605035365 111.74599769119253 563.2180465858671 758.9007629459862 
106.01614971314514 113.19409878611165 446.2921733573199 175.95210712009109 237.95609679098374 326.3378985039893 135.64565603070378 603.3194377773685 803.1018266695701 
129.52689296049684 137.18999963554197 483.4717116853891 203.52330579076198 268.31193786337576 359.9364054940817 161.04141082342767 644.3298347896052 848.1291977051609 

Resulting matrix
0.0 1.0 2.449489742783178 1.7320508075688772 2.0 2.23606797749979 1.4142135623730951 2.6457513110645907 2.8284271247461903 
0.582310562561766 1.2516653826391966 2.653948469674844 1.9504493814764854 2.2120577856662136 2.4437634001804143 1.6430919862656235 2.847685567799177 3.0283211855912904 
16.190861620062105 20.13017635292846 276.08879730985103 60.43396396067364 106.01614971314511 175.95210712009106 33.53899223292197 412.34871650097324 590.6891432894295 
29.744512098872967 34.511099663731386 307.9266406142866 80.21755418859392 129.52689296049684 203.52330579076198 50.154321847673316 448.5867318590687 631.4176557556812 
45.7946721791957 51.264724713978524 340.90214431710456 101.78522486097873 154.55701860478547 232.40084337196367 68.8595091472485 485.8281918538692 673.041478662348 
64.0 70.09279563550022 374.9773326482549 125.0 181.01933598375618 262.5280937347468 89.44271909999159 524.0467536394058 715.5417527999327 
84.13018483279353 90.78770841914671 410.1177977118282 149.7523555741278 208.8401493966139 293.85521605035365 111.74599769119253 563.2180465858671 758.9007629459862 
106.01614971314514 113.19409878611165 446.2921733573199 175.95210712009109 237.95609679098374 326.3378985039893 135.64565603070378 603.3194377773685 803.1018266695701 
129.52689296049684 137.18999963554197 483.4717116853891 203.52330579076198 268.31193786337576 359.9364054940817 161.04141082342767 644.3298347896052 848.1291977051609 

Average value of the row elements of the matrix
1.8117778362261912 2.0681437468727792 187.93210090000846 212.84541275324077 239.38153419016362 267.4054203935098 296.81646880087885 327.535049416587 359.49563297198233 

Vector X
0.582310562561766 1.2516653826391966 2.653948469674844 1.9504493814764854 2.2120577856662136 2.4437634001804143 1.6430919862656235 2.847685567799177 3.0283211855912904 

Sorted Vector X
0.582310562561766 1.2516653826391966 1.6430919862656235 1.9504493814764854 2.2120577856662136 2.4437634001804143 2.653948469674844 2.847685567799177 3.0283211855912904 

